-4.999799999999999800e-01 -4.000000000000000222e-01 5.000000000000000000e+03 -4.999799999999999800e-01 -4.000000000000000222e-01 5.000000000000000000e+03
-4.999799999999999800e-01 -4.000000000000000222e-01 5.000000000000000000e+03 -3.999800000000000022e-01 -3.000000000000000444e-01 5.000000000000000000e+03
-4.999799999999999800e-01 -4.000000000000000222e-01 5.000000000000000000e+03 -2.999799999999999689e-01 -1.999999999999999556e-01 5.000000000000000000e+03
-4.999799999999999800e-01 -4.000000000000000222e-01 5.000000000000000000e+03 -1.999799999999999356e-01 -9.999999999999993616e-02 5.000000000000000000e+03
-4.999799999999999800e-01 -4.000000000000000222e-01 5.000000000000000000e+03 -9.997999999999995779e-02 4.775571756619745312e-17 5.000000000000000000e+03
-4.999799999999999800e-01 -4.000000000000000222e-01 5.000000000000000000e+03 2.000000000002000178e-05 1.000000000000000194e-01 5.000000000000000000e+03
-4.999799999999999800e-01 -4.000000000000000222e-01 5.000000000000000000e+03 1.000200000000001088e-01 2.000000000000001221e-01 5.000000000000000000e+03
-4.999799999999999800e-01 -4.000000000000000222e-01 5.000000000000000000e+03 2.000200000000000866e-01 3.000000000000000444e-01 5.000000000000000000e+03
-4.999799999999999800e-01 -4.000000000000000222e-01 5.000000000000000000e+03 3.000200000000000644e-01 4.000000000000000222e-01 5.000000000000000000e+03
-4.999799999999999800e-01 -4.000000000000000222e-01 5.000000000000000000e+03 4.000200000000000422e-01 5.000000000000000000e-01 5.000000000000000000e+03
-3.999800000000000022e-01 -3.000000000000000444e-01 5.000000000000000000e+03 -4.999799999999999800e-01 -4.000000000000000222e-01 5.000000000000000000e+03
-3.999800000000000022e-01 -3.000000000000000444e-01 5.000000000000000000e+03 -3.999800000000000022e-01 -3.000000000000000444e-01 5.000000000000000000e+03
-3.999800000000000022e-01 -3.000000000000000444e-01 5.000000000000000000e+03 -2.999799999999999689e-01 -1.999999999999999556e-01 5.000000000000000000e+03
-3.999800000000000022e-01 -3.000000000000000444e-01 5.000000000000000000e+03 -1.999799999999999356e-01 -9.999999999999993616e-02 5.000000000000000000e+03
-3.999800000000000022e-01 -3.000000000000000444e-01 5.000000000000000000e+03 -9.997999999999995779e-02 4.775571756619745312e-17 5.000000000000000000e+03
-3.999800000000000022e-01 -3.000000000000000444e-01 5.000000000000000000e+03 2.000000000002000178e-05 1.000000000000000194e-01 5.000000000000000000e+03
-3.999800000000000022e-01 -3.000000000000000444e-01 5.000000000000000000e+03 1.000200000000001088e-01 2.000000000000001221e-01 5.000000000000000000e+03
-3.999800000000000022e-01 -3.000000000000000444e-01 5.000000000000000000e+03 2.000200000000000866e-01 3.000000000000000444e-01 5.000000000000000000e+03
-3.999800000000000022e-01 -3.000000000000000444e-01 5.000000000000000000e+03 3.000200000000000644e-01 4.000000000000000222e-01 5.000000000000000000e+03
-3.999800000000000022e-01 -3.000000000000000444e-01 5.000000000000000000e+03 4.000200000000000422e-01 5.000000000000000000e-01 5.000000000000000000e+03
-2.999799999999999689e-01 -1.999999999999999556e-01 5.000000000000000000e+03 -4.999799999999999800e-01 -4.000000000000000222e-01 5.000000000000000000e+03
-2.999799999999999689e-01 -1.999999999999999556e-01 5.000000000000000000e+03 -3.999800000000000022e-01 -3.000000000000000444e-01 5.000000000000000000e+03
-2.999799999999999689e-01 -1.999999999999999556e-01 5.000000000000000000e+03 -2.999799999999999689e-01 -1.999999999999999556e-01 5.000000000000000000e+03
-2.999799999999999689e-01 -1.999999999999999556e-01 5.000000000000000000e+03 -1.999799999999999356e-01 -9.999999999999993616e-02 5.000000000000000000e+03
-2.999799999999999689e-01 -1.999999999999999556e-01 5.000000000000000000e+03 -9.997999999999995779e-02 4.775571756619745312e-17 5.000000000000000000e+03
-2.999799999999999689e-01 -1.999999999999999556e-01 5.000000000000000000e+03 2.000000000002000178e-05 1.000000000000000194e-01 5.000000000000000000e+03
-2.999799999999999689e-01 -1.999999999999999556e-01 5.000000000000000000e+03 1.000200000000001088e-01 2.000000000000001221e-01 5.000000000000000000e+03
-2.999799999999999689e-01 -1.999999999999999556e-01 5.000000000000000000e+03 2.000200000000000866e-01 3.000000000000000444e-01 5.000000000000000000e+03
-2.999799999999999689e-01 -1.999999999999999556e-01 5.000000000000000000e+03 3.000200000000000644e-01 4.000000000000000222e-01 5.000000000000000000e+03
-2.999799999999999689e-01 -1.999999999999999556e-01 5.000000000000000000e+03 4.000200000000000422e-01 5.000000000000000000e-01 5.000000000000000000e+03
-1.999799999999999356e-01 -9.999999999999993616e-02 5.000000000000000000e+03 -4.999799999999999800e-01 -4.000000000000000222e-01 5.000000000000000000e+03
-1.999799999999999356e-01 -9.999999999999993616e-02 5.000000000000000000e+03 -3.999800000000000022e-01 -3.000000000000000444e-01 5.000000000000000000e+03
-1.999799999999999356e-01 -9.999999999999993616e-02 5.000000000000000000e+03 -2.999799999999999689e-01 -1.999999999999999556e-01 5.000000000000000000e+03
-1.999799999999999356e-01 -9.999999999999993616e-02 5.000000000000000000e+03 -1.999799999999999356e-01 -9.999999999999993616e-02 5.000000000000000000e+03
-1.999799999999999356e-01 -9.999999999999993616e-02 5.000000000000000000e+03 -9.997999999999995779e-02 4.775571756619745312e-17 5.000000000000000000e+03
-1.999799999999999356e-01 -9.999999999999993616e-02 5.000000000000000000e+03 2.000000000002000178e-05 1.000000000000000194e-01 5.000000000000000000e+03
-1.999799999999999356e-01 -9.999999999999993616e-02 5.000000000000000000e+03 1.000200000000001088e-01 2.000000000000001221e-01 5.000000000000000000e+03
-1.999799999999999356e-01 -9.999999999999993616e-02 5.000000000000000000e+03 2.000200000000000866e-01 3.000000000000000444e-01 5.000000000000000000e+03
-1.999799999999999356e-01 -9.999999999999993616e-02 5.000000000000000000e+03 3.000200000000000644e-01 4.000000000000000222e-01 5.000000000000000000e+03
-1.999799999999999356e-01 -9.999999999999993616e-02 5.000000000000000000e+03 4.000200000000000422e-01 5.000000000000000000e-01 5.000000000000000000e+03
-9.997999999999995779e-02 4.775571756619745312e-17 5.000000000000000000e+03 -4.999799999999999800e-01 -4.000000000000000222e-01 5.000000000000000000e+03
-9.997999999999995779e-02 4.775571756619745312e-17 5.000000000000000000e+03 -3.999800000000000022e-01 -3.000000000000000444e-01 5.000000000000000000e+03
-9.997999999999995779e-02 4.775571756619745312e-17 5.000000000000000000e+03 -2.999799999999999689e-01 -1.999999999999999556e-01 5.000000000000000000e+03
-9.997999999999995779e-02 4.775571756619745312e-17 5.000000000000000000e+03 -1.999799999999999356e-01 -9.999999999999993616e-02 5.000000000000000000e+03
-9.997999999999995779e-02 4.775571756619745312e-17 5.000000000000000000e+03 -9.997999999999995779e-02 4.775571756619745312e-17 5.000000000000000000e+03
-9.997999999999995779e-02 4.775571756619745312e-17 5.000000000000000000e+03 2.000000000002000178e-05 1.000000000000000194e-01 5.000000000000000000e+03
-9.997999999999995779e-02 4.775571756619745312e-17 5.000000000000000000e+03 1.000200000000001088e-01 2.000000000000001221e-01 5.000000000000000000e+03
-9.997999999999995779e-02 4.775571756619745312e-17 5.000000000000000000e+03 2.000200000000000866e-01 3.000000000000000444e-01 5.000000000000000000e+03
-9.997999999999995779e-02 4.775571756619745312e-17 5.000000000000000000e+03 3.000200000000000644e-01 4.000000000000000222e-01 5.000000000000000000e+03
-9.997999999999995779e-02 4.775571756619745312e-17 5.000000000000000000e+03 4.000200000000000422e-01 5.000000000000000000e-01 5.000000000000000000e+03
2.000000000002000178e-05 1.000000000000000194e-01 5.000000000000000000e+03 -4.999799999999999800e-01 -4.000000000000000222e-01 5.000000000000000000e+03
2.000000000002000178e-05 1.000000000000000194e-01 5.000000000000000000e+03 -3.999800000000000022e-01 -3.000000000000000444e-01 5.000000000000000000e+03
2.000000000002000178e-05 1.000000000000000194e-01 5.000000000000000000e+03 -2.999799999999999689e-01 -1.999999999999999556e-01 5.000000000000000000e+03
2.000000000002000178e-05 1.000000000000000194e-01 5.000000000000000000e+03 -1.999799999999999356e-01 -9.999999999999993616e-02 5.000000000000000000e+03
2.000000000002000178e-05 1.000000000000000194e-01 5.000000000000000000e+03 -9.997999999999995779e-02 4.775571756619745312e-17 5.000000000000000000e+03
2.000000000002000178e-05 1.000000000000000194e-01 5.000000000000000000e+03 2.000000000002000178e-05 1.000000000000000194e-01 5.000000000000000000e+03
2.000000000002000178e-05 1.000000000000000194e-01 5.000000000000000000e+03 1.000200000000001088e-01 2.000000000000001221e-01 5.000000000000000000e+03
2.000000000002000178e-05 1.000000000000000194e-01 5.000000000000000000e+03 2.000200000000000866e-01 3.000000000000000444e-01 5.000000000000000000e+03
2.000000000002000178e-05 1.000000000000000194e-01 5.000000000000000000e+03 3.000200000000000644e-01 4.000000000000000222e-01 5.000000000000000000e+03
2.000000000002000178e-05 1.000000000000000194e-01 5.000000000000000000e+03 4.000200000000000422e-01 5.000000000000000000e-01 5.000000000000000000e+03
1.000200000000001088e-01 2.000000000000001221e-01 5.000000000000000000e+03 -4.999799999999999800e-01 -4.000000000000000222e-01 5.000000000000000000e+03
1.000200000000001088e-01 2.000000000000001221e-01 5.000000000000000000e+03 -3.999800000000000022e-01 -3.000000000000000444e-01 5.000000000000000000e+03
1.000200000000001088e-01 2.000000000000001221e-01 5.000000000000000000e+03 -2.999799999999999689e-01 -1.999999999999999556e-01 5.000000000000000000e+03
1.000200000000001088e-01 2.000000000000001221e-01 5.000000000000000000e+03 -1.999799999999999356e-01 -9.999999999999993616e-02 5.000000000000000000e+03
1.000200000000001088e-01 2.000000000000001221e-01 5.000000000000000000e+03 -9.997999999999995779e-02 4.775571756619745312e-17 5.000000000000000000e+03
1.000200000000001088e-01 2.000000000000001221e-01 5.000000000000000000e+03 2.000000000002000178e-05 1.000000000000000194e-01 5.000000000000000000e+03
1.000200000000001088e-01 2.000000000000001221e-01 5.000000000000000000e+03 1.000200000000001088e-01 2.000000000000001221e-01 5.000000000000000000e+03
1.000200000000001088e-01 2.000000000000001221e-01 5.000000000000000000e+03 2.000200000000000866e-01 3.000000000000000444e-01 5.000000000000000000e+03
1.000200000000001088e-01 2.000000000000001221e-01 5.000000000000000000e+03 3.000200000000000644e-01 4.000000000000000222e-01 5.000000000000000000e+03
1.000200000000001088e-01 2.000000000000001221e-01 5.000000000000000000e+03 4.000200000000000422e-01 5.000000000000000000e-01 5.000000000000000000e+03
2.000200000000000866e-01 3.000000000000000444e-01 5.000000000000000000e+03 -4.999799999999999800e-01 -4.000000000000000222e-01 5.000000000000000000e+03
2.000200000000000866e-01 3.000000000000000444e-01 5.000000000000000000e+03 -3.999800000000000022e-01 -3.000000000000000444e-01 5.000000000000000000e+03
2.000200000000000866e-01 3.000000000000000444e-01 5.000000000000000000e+03 -2.999799999999999689e-01 -1.999999999999999556e-01 5.000000000000000000e+03
2.000200000000000866e-01 3.000000000000000444e-01 5.000000000000000000e+03 -1.999799999999999356e-01 -9.999999999999993616e-02 5.000000000000000000e+03
2.000200000000000866e-01 3.000000000000000444e-01 5.000000000000000000e+03 -9.997999999999995779e-02 4.775571756619745312e-17 5.000000000000000000e+03
2.000200000000000866e-01 3.000000000000000444e-01 5.000000000000000000e+03 2.000000000002000178e-05 1.000000000000000194e-01 5.000000000000000000e+03
2.000200000000000866e-01 3.000000000000000444e-01 5.000000000000000000e+03 1.000200000000001088e-01 2.000000000000001221e-01 5.000000000000000000e+03
2.000200000000000866e-01 3.000000000000000444e-01 5.000000000000000000e+03 2.000200000000000866e-01 3.000000000000000444e-01 5.000000000000000000e+03
2.000200000000000866e-01 3.000000000000000444e-01 5.000000000000000000e+03 3.000200000000000644e-01 4.000000000000000222e-01 5.000000000000000000e+03
2.000200000000000866e-01 3.000000000000000444e-01 5.000000000000000000e+03 4.000200000000000422e-01 5.000000000000000000e-01 5.000000000000000000e+03
3.000200000000000644e-01 4.000000000000000222e-01 5.000000000000000000e+03 -4.999799999999999800e-01 -4.000000000000000222e-01 5.000000000000000000e+03
3.000200000000000644e-01 4.000000000000000222e-01 5.000000000000000000e+03 -3.999800000000000022e-01 -3.000000000000000444e-01 5.000000000000000000e+03
3.000200000000000644e-01 4.000000000000000222e-01 5.000000000000000000e+03 -2.999799999999999689e-01 -1.999999999999999556e-01 5.000000000000000000e+03
3.000200000000000644e-01 4.000000000000000222e-01 5.000000000000000000e+03 -1.999799999999999356e-01 -9.999999999999993616e-02 5.000000000000000000e+03
3.000200000000000644e-01 4.000000000000000222e-01 5.000000000000000000e+03 -9.997999999999995779e-02 4.775571756619745312e-17 5.000000000000000000e+03
3.000200000000000644e-01 4.000000000000000222e-01 5.000000000000000000e+03 2.000000000002000178e-05 1.000000000000000194e-01 5.000000000000000000e+03
3.000200000000000644e-01 4.000000000000000222e-01 5.000000000000000000e+03 1.000200000000001088e-01 2.000000000000001221e-01 5.000000000000000000e+03
3.000200000000000644e-01 4.000000000000000222e-01 5.000000000000000000e+03 2.000200000000000866e-01 3.000000000000000444e-01 5.000000000000000000e+03
3.000200000000000644e-01 4.000000000000000222e-01 5.000000000000000000e+03 3.000200000000000644e-01 4.000000000000000222e-01 5.000000000000000000e+03
3.000200000000000644e-01 4.000000000000000222e-01 5.000000000000000000e+03 4.000200000000000422e-01 5.000000000000000000e-01 5.000000000000000000e+03
4.000200000000000422e-01 5.000000000000000000e-01 5.000000000000000000e+03 -4.999799999999999800e-01 -4.000000000000000222e-01 5.000000000000000000e+03
4.000200000000000422e-01 5.000000000000000000e-01 5.000000000000000000e+03 -3.999800000000000022e-01 -3.000000000000000444e-01 5.000000000000000000e+03
4.000200000000000422e-01 5.000000000000000000e-01 5.000000000000000000e+03 -2.999799999999999689e-01 -1.999999999999999556e-01 5.000000000000000000e+03
4.000200000000000422e-01 5.000000000000000000e-01 5.000000000000000000e+03 -1.999799999999999356e-01 -9.999999999999993616e-02 5.000000000000000000e+03
4.000200000000000422e-01 5.000000000000000000e-01 5.000000000000000000e+03 -9.997999999999995779e-02 4.775571756619745312e-17 5.000000000000000000e+03
4.000200000000000422e-01 5.000000000000000000e-01 5.000000000000000000e+03 2.000000000002000178e-05 1.000000000000000194e-01 5.000000000000000000e+03
4.000200000000000422e-01 5.000000000000000000e-01 5.000000000000000000e+03 1.000200000000001088e-01 2.000000000000001221e-01 5.000000000000000000e+03
4.000200000000000422e-01 5.000000000000000000e-01 5.000000000000000000e+03 2.000200000000000866e-01 3.000000000000000444e-01 5.000000000000000000e+03
4.000200000000000422e-01 5.000000000000000000e-01 5.000000000000000000e+03 3.000200000000000644e-01 4.000000000000000222e-01 5.000000000000000000e+03
4.000200000000000422e-01 5.000000000000000000e-01 5.000000000000000000e+03 4.000200000000000422e-01 5.000000000000000000e-01 5.000000000000000000e+03
